0.0,0.392,0.563,0.045,
0.0,0.304,0.615,0.081,
0.0,0.362,0.562,0.077,
0.0,0.288,0.656,0.057,
0.0,0.398,0.525,0.077,
0.0,0.344,0.576,0.08,
0.0,0.284,0.661,0.055,
0.0,0.306,0.613,0.081,
0.003,0.538,0.372,0.086,
0.012,0.514,0.391,0.083,
0.004,0.288,0.643,0.065,
0.0,0.292,0.656,0.051,
0.0,0.236,0.697,0.068,
0.005,0.263,0.66,0.072,
0.004,0.268,0.671,0.058,
0.002,0.297,0.622,0.08,
0.008,0.494,0.414,0.083,
0.004,0.221,0.673,0.102,
0.012,0.535,0.37,0.083,
0.004,0.292,0.624,0.08,
0.005,0.5,0.415,0.081,
0.002,0.318,0.598,0.082,
0.008,0.51,0.402,0.081,
0.062,0.626,0.246,0.067,
0.011,0.242,0.636,0.112,
0.009,0.486,0.42,0.085,
0.078,0.6,0.255,0.067,
0.009,0.498,0.411,0.082,
0.072,0.606,0.253,0.069,
0.003,0.292,0.628,0.077,
0.077,0.619,0.239,0.064,
0.008,0.46,0.449,0.083,
0.107,0.655,0.184,0.054,
0.009,0.275,0.638,0.077,
0.099,0.646,0.199,0.056,
0.018,0.51,0.392,0.081,
0.109,0.666,0.175,0.05,
0.144,0.644,0.159,0.053,
0.081,0.642,0.218,0.06,
0.085,0.658,0.198,0.06,
0.114,0.666,0.17,0.05,
0.088,0.668,0.191,0.054,
0.1,0.683,0.167,0.05,
0.013,0.199,0.618,0.17,
0.103,0.649,0.197,0.052,
0.021,0.586,0.321,0.071,
0.202,0.623,0.133,0.043,
0.042,0.61,0.281,0.067,
0.055,0.57,0.306,0.069,
0.217,0.597,0.144,0.043,
0.13,0.677,0.145,0.048,
0.226,0.635,0.101,0.037,
0.092,0.624,0.225,0.06,
0.011,0.5,0.404,0.085,
0.112,0.644,0.191,0.053,
0.197,0.645,0.118,0.04,
0.126,0.675,0.152,0.047,
0.209,0.669,0.087,0.036,
0.017,0.531,0.367,0.085,
0.046,0.596,0.292,0.067,
0.028,0.465,0.425,0.082,
0.082,0.678,0.186,0.053,
0.101,0.664,0.184,0.051,
0.132,0.667,0.155,0.045,
0.069,0.582,0.284,0.065,
0.165,0.633,0.157,0.045,
0.097,0.658,0.195,0.05,
0.106,0.661,0.186,0.047,
0.009,0.145,0.642,0.204,
0.009,0.213,0.638,0.14,
0.011,0.25,0.657,0.081,
0.216,0.615,0.129,0.04,
0.145,0.653,0.156,0.045,
0.094,0.645,0.21,0.051,
0.096,0.671,0.183,0.05,
0.046,0.61,0.278,0.067,
0.194,0.6,0.163,0.042,
0.109,0.642,0.199,0.05,
0.182,0.606,0.169,0.043,
0.0,0.264,0.656,0.08,
0.005,0.462,0.448,0.085,
0.135,0.661,0.159,0.045,
0.188,0.625,0.147,0.04,
0.011,0.22,0.687,0.081,
0.067,0.66,0.219,0.054,
0.148,0.679,0.133,0.04,
0.087,0.668,0.195,0.05,
0.178,0.639,0.142,0.04,
0.08,0.658,0.208,0.054,
0.049,0.537,0.348,0.067,
0.132,0.614,0.207,0.048,
0.217,0.616,0.129,0.038,
0.002,0.263,0.652,0.083,
0.099,0.655,0.198,0.048,
0.063,0.58,0.293,0.064,
0.088,0.68,0.184,0.048,
0.0,0.459,0.459,0.082,
0.085,0.679,0.186,0.05,
0.155,0.673,0.131,0.04,
0.077,0.634,0.235,0.054,

0.369,0.422,0.164,0.045,
0.326,0.481,0.111,0.081,
0.031,0.68,0.212,0.077,
0.112,0.454,0.378,0.056,
0.046,0.662,0.215,0.077,
0.06,0.576,0.284,0.08,
0.126,0.417,0.405,0.051,
0.07,0.619,0.23,0.081,
0.426,0.372,0.116,0.086,
0.592,0.281,0.043,0.083,
0.11,0.41,0.424,0.057,
0.1,0.351,0.499,0.05,
0.132,0.279,0.533,0.056,
0.115,0.337,0.498,0.05,
0.174,0.307,0.469,0.05,
0.055,0.517,0.348,0.08,
0.138,0.643,0.136,0.083,
0.12,0.352,0.474,0.054,
0.17,0.634,0.113,0.083,
0.086,0.57,0.264,0.08,
0.184,0.632,0.103,0.081,
0.062,0.429,0.427,0.082,
0.274,0.568,0.077,0.081,
0.734,0.168,0.031,0.067,
0.132,0.222,0.575,0.072,
0.203,0.631,0.082,0.085,
0.472,0.387,0.075,0.067,
0.127,0.667,0.124,0.082,
0.529,0.353,0.049,0.069,
0.058,0.522,0.343,0.077,
0.488,0.39,0.057,0.064,
0.106,0.719,0.092,0.083,
0.811,0.114,0.021,0.054,
0.138,0.505,0.28,0.077,
0.721,0.177,0.046,0.056,
0.242,0.605,0.073,0.081,
0.861,0.081,0.007,0.05,
0.763,0.157,0.027,0.053,
0.705,0.186,0.05,0.06,
0.699,0.188,0.054,0.06,
0.739,0.181,0.031,0.05,
0.661,0.23,0.055,0.054,
0.649,0.242,0.059,0.05,
0.17,0.208,0.482,0.139,
0.616,0.265,0.067,0.052,
0.38,0.506,0.043,0.071,
0.756,0.16,0.04,0.043,
0.327,0.537,0.07,0.067,
0.514,0.403,0.014,0.069,
0.83,0.104,0.023,0.043,
0.705,0.215,0.032,0.048,
0.681,0.224,0.058,0.037,
0.493,0.371,0.076,0.06,
0.135,0.682,0.097,0.085,
0.49,0.377,0.079,0.053,
0.767,0.155,0.039,0.04,
0.517,0.347,0.089,0.047,
0.785,0.141,0.039,0.036,
0.183,0.633,0.1,0.085,
0.274,0.55,0.11,0.067,
0.228,0.547,0.144,0.082,
0.519,0.35,0.078,0.053,
0.471,0.393,0.084,0.051,
0.583,0.34,0.032,0.045,
0.379,0.484,0.072,0.065,
0.606,0.305,0.044,0.045,
0.491,0.417,0.043,0.05,
0.597,0.338,0.018,0.047,
0.154,0.158,0.488,0.2,
0.212,0.205,0.463,0.119,
0.044,0.381,0.493,0.081,
0.605,0.321,0.034,0.04,
0.583,0.327,0.045,0.045,
0.442,0.421,0.086,0.051,
0.49,0.38,0.08,0.05,
0.219,0.665,0.049,0.067,
0.617,0.305,0.036,0.042,
0.585,0.336,0.029,0.05,
0.575,0.361,0.021,0.043,
0.172,0.356,0.392,0.08,
0.215,0.596,0.104,0.085,
0.433,0.436,0.085,0.045,
0.477,0.42,0.062,0.04,
0.083,0.313,0.522,0.081,
0.442,0.436,0.068,0.054,
0.467,0.445,0.048,0.04,
0.49,0.371,0.089,0.05,
0.545,0.366,0.049,0.04,
0.32,0.536,0.09,0.054,
0.498,0.372,0.063,0.067,
0.518,0.38,0.053,0.048,
0.522,0.384,0.055,0.038,
0.257,0.325,0.335,0.083,
0.397,0.491,0.064,0.048,
0.269,0.56,0.107,0.064,
0.417,0.476,0.059,0.048,
0.34,0.461,0.118,0.082,
0.47,0.449,0.031,0.05,
0.506,0.4,0.054,0.04,
0.489,0.399,0.058,0.054,


