0.035,0.19,0.587,0.188,
0.016,0.093,0.564,0.327,
0.011,0.197,0.562,0.23,
0.13,0.313,0.418,0.139,
0.2,0.281,0.315,0.204,
0.045,0.285,0.525,0.145,
0.154,0.24,0.461,0.145,
0.014,0.052,0.669,0.265,
0.016,0.125,0.626,0.232,
0.32,0.288,0.289,0.103,
0.185,0.376,0.306,0.133,
0.03,0.167,0.61,0.192,
0.398,0.281,0.199,0.121,
0.04,0.198,0.579,0.184,
0.225,0.326,0.321,0.127,
0.049,0.243,0.506,0.202,
0.03,0.195,0.578,0.197,
0.102,0.275,0.435,0.188,
0.352,0.307,0.207,0.134,
0.19,0.422,0.288,0.1,
0.056,0.306,0.506,0.132,
0.145,0.389,0.366,0.1,
0.06,0.156,0.593,0.191,
0.032,0.3,0.549,0.119,
0.208,0.371,0.3,0.121,
0.134,0.225,0.507,0.135,
0.008,0.113,0.637,0.242,
0.185,0.35,0.366,0.1,
0.046,0.302,0.46,0.192,
0.195,0.416,0.289,0.1,
0.28,0.367,0.252,0.1,
0.239,0.363,0.27,0.129,
0.049,0.128,0.674,0.148,
0.084,0.178,0.574,0.164,
0.193,0.353,0.339,0.116,
0.284,0.325,0.266,0.125,
0.173,0.335,0.386,0.106,
0.218,0.285,0.397,0.1,
0.168,0.328,0.398,0.105,
0.07,0.252,0.545,0.133,
0.145,0.344,0.391,0.12,
0.275,0.343,0.259,0.124,
0.014,0.232,0.553,0.2,
0.137,0.311,0.427,0.125,
0.087,0.242,0.534,0.137,
0.126,0.438,0.335,0.1,
0.121,0.359,0.39,0.13,
0.078,0.241,0.517,0.164,
0.165,0.359,0.365,0.111,
0.073,0.205,0.594,0.128,
0.264,0.33,0.285,0.121,
0.058,0.396,0.445,0.101,
0.173,0.304,0.405,0.118,
0.055,0.419,0.369,0.157,
0.099,0.224,0.478,0.199,
0.007,0.18,0.658,0.155,
0.069,0.364,0.456,0.111,
0.038,0.152,0.648,0.162,
0.16,0.331,0.402,0.107,
0.154,0.506,0.24,0.1,
0.137,0.336,0.4,0.126,
0.211,0.258,0.391,0.141,
0.131,0.38,0.388,0.1,
0.023,0.078,0.622,0.277,
0.0,0.012,0.645,0.342,
0.364,0.352,0.159,0.125,
0.075,0.282,0.496,0.147,
0.126,0.464,0.309,0.101,
0.167,0.376,0.357,0.1,
0.159,0.372,0.362,0.107,
0.087,0.458,0.349,0.106,
0.076,0.38,0.427,0.117,
0.142,0.384,0.374,0.1,
0.037,0.258,0.561,0.144,
0.161,0.361,0.345,0.134,
0.376,0.37,0.153,0.1,
0.0,0.025,0.479,0.496,
0.339,0.279,0.243,0.139,
0.103,0.166,0.492,0.239,
0.136,0.317,0.427,0.12,
0.104,0.161,0.602,0.133,
0.275,0.4,0.214,0.111,
0.157,0.35,0.375,0.118,
0.119,0.239,0.514,0.127,
0.045,0.326,0.513,0.116,
0.081,0.339,0.475,0.104,
0.37,0.322,0.182,0.127,
0.129,0.352,0.418,0.101,
0.029,0.078,0.642,0.25,
0.046,0.342,0.471,0.141,
0.305,0.358,0.237,0.1,
0.171,0.329,0.396,0.103,
0.021,0.163,0.681,0.134,
0.364,0.329,0.178,0.129,
0.044,0.219,0.598,0.139,
0.093,0.218,0.489,0.2,
0.055,0.36,0.447,0.138,
0.08,0.169,0.587,0.165,
0.348,0.332,0.22,0.1,
0.177,0.336,0.373,0.114,
0.163,0.297,0.392,0.148,
0.107,0.345,0.429,0.12,
0.213,0.428,0.259,0.1,
0.105,0.419,0.376,0.101,
0.059,0.394,0.447,0.1,
0.13,0.416,0.354,0.1,
0.249,0.463,0.188,0.1,
0.16,0.384,0.333,0.123,
0.075,0.293,0.517,0.115,
0.021,0.412,0.467,0.1,
0.186,0.414,0.3,0.1,
0.351,0.338,0.186,0.125,
0.031,0.157,0.313,0.499,
0.04,0.189,0.383,0.388,
0.18,0.415,0.289,0.116,
0.068,0.087,0.577,0.268,
0.336,0.365,0.199,0.1,
0.175,0.449,0.276,0.1,
0.007,0.113,0.583,0.298,
0.176,0.433,0.278,0.114,
0.13,0.306,0.447,0.117,
0.079,0.238,0.531,0.152,
0.077,0.351,0.439,0.133,
0.072,0.365,0.441,0.122,
0.4,0.337,0.138,0.125,
0.154,0.279,0.426,0.141,
0.284,0.409,0.206,0.1,
0.026,0.178,0.575,0.221,
0.182,0.447,0.271,0.1,
0.105,0.254,0.526,0.114,
0.006,0.194,0.655,0.145,
0.137,0.397,0.366,0.1,
0.392,0.314,0.169,0.126,
0.202,0.428,0.269,0.1,
0.078,0.43,0.392,0.1,
0.114,0.362,0.382,0.142,
0.115,0.323,0.462,0.101,
0.117,0.435,0.32,0.128,
0.033,0.148,0.559,0.26,
0.072,0.376,0.452,0.1,
0.009,0.076,0.651,0.264,
0.051,0.253,0.572,0.124,
0.057,0.406,0.436,0.1,
0.288,0.384,0.228,0.1,
0.041,0.332,0.477,0.15,
0.02,0.212,0.564,0.204,
0.233,0.439,0.228,0.1,
0.158,0.345,0.35,0.147,
0.226,0.433,0.24,0.1,
0.082,0.469,0.35,0.1,
0.224,0.472,0.204,0.1,
0.316,0.391,0.169,0.124,
0.289,0.393,0.218,0.1,
0.022,0.214,0.57,0.193,
0.148,0.273,0.413,0.166,
0.239,0.423,0.238,0.1,
0.026,0.145,0.698,0.13,
0.009,0.098,0.553,0.34,
0.031,0.171,0.347,0.451,
0.169,0.286,0.346,0.199,
0.126,0.43,0.344,0.1,
0.143,0.479,0.278,0.1,
0.016,0.309,0.54,0.135,
0.009,0.096,0.678,0.217,
0.077,0.37,0.425,0.128,
0.078,0.476,0.346,0.1,
0.023,0.301,0.559,0.117,
0.002,0.083,0.661,0.254,
0.18,0.462,0.258,0.1,
0.062,0.218,0.569,0.151,
0.112,0.452,0.336,0.1,
0.09,0.346,0.436,0.128,
0.259,0.398,0.244,0.1,
0.034,0.217,0.599,0.15,
0.08,0.472,0.348,0.1,
0.127,0.4,0.35,0.124,
0.279,0.334,0.286,0.1,
0.157,0.403,0.312,0.128,
0.174,0.411,0.314,0.1,
0.119,0.436,0.345,0.1,
0.032,0.45,0.418,0.1,
0.078,0.462,0.359,0.101,
0.164,0.468,0.268,0.1,
0.25,0.421,0.229,0.1,
0.109,0.299,0.458,0.134,
0.215,0.403,0.282,0.1,
0.066,0.364,0.47,0.1,
0.123,0.362,0.402,0.113,
0.239,0.305,0.307,0.148,
0.08,0.411,0.409,0.1,
0.235,0.386,0.279,0.1,
0.044,0.443,0.388,0.125,
0.026,0.307,0.532,0.136,
0.054,0.402,0.416,0.128,
0.102,0.242,0.47,0.187,
0.245,0.401,0.255,0.1,
0.039,0.139,0.696,0.126,
0.233,0.358,0.309,0.1,
0.026,0.126,0.603,0.246,
0.142,0.276,0.432,0.15,
0.259,0.43,0.211,0.1,
0.058,0.241,0.577,0.124,
0.165,0.382,0.337,0.116,
0.068,0.345,0.476,0.112,
0.073,0.313,0.43,0.185,
0.173,0.411,0.315,0.101,
0.099,0.428,0.372,0.1,
0.073,0.371,0.456,0.1,
0.24,0.427,0.233,0.1,
0.226,0.366,0.308,0.1,
0.111,0.402,0.362,0.125,
0.283,0.415,0.202,0.1,
0.129,0.449,0.322,0.1,
0.147,0.464,0.288,0.1,
0.133,0.403,0.359,0.104,
0.121,0.422,0.358,0.1,
0.12,0.31,0.46,0.109,
0.071,0.502,0.327,0.1,
0.029,0.203,0.651,0.117,
0.027,0.214,0.644,0.115,
0.211,0.427,0.262,0.1,
0.043,0.441,0.415,0.102,
0.046,0.385,0.469,0.1,
0.059,0.352,0.484,0.105,
0.158,0.337,0.35,0.155,
0.099,0.458,0.343,0.1,
0.154,0.472,0.274,0.1,
0.127,0.03,0.596,0.247,
0.041,0.201,0.552,0.206,
0.313,0.347,0.24,0.1,
0.347,0.347,0.206,0.1,
0.224,0.382,0.294,0.1,
0.139,0.271,0.276,0.314,
0.106,0.412,0.359,0.123,
0.059,0.232,0.513,0.196,
0.042,0.239,0.552,0.167,
0.184,0.415,0.301,0.1,
0.041,0.192,0.606,0.161,
0.032,0.441,0.427,0.1,
0.119,0.283,0.461,0.137,
0.07,0.327,0.498,0.105,
0.259,0.301,0.3,0.14,
0.072,0.294,0.47,0.165,
0.104,0.157,0.457,0.282,
0.051,0.44,0.409,0.1,
0.237,0.464,0.199,0.1,
0.026,0.291,0.491,0.191,
0.356,0.327,0.217,0.1,
0.08,0.311,0.505,0.103,
0.069,0.431,0.4,0.1,
0.243,0.396,0.261,0.1,
0.027,0.248,0.602,0.123,
0.152,0.299,0.391,0.157,
0.111,0.3,0.447,0.143,
0.012,0.1,0.416,0.473,
0.133,0.343,0.355,0.169,
0.003,0.081,0.423,0.492,
0.151,0.449,0.299,0.101,
0.081,0.296,0.478,0.146,
0.031,0.196,0.598,0.174,
0.14,0.388,0.336,0.137,
0.101,0.37,0.419,0.11,
0.196,0.422,0.282,0.1,
0.123,0.47,0.306,0.101,
0.186,0.391,0.323,0.1,
0.036,0.399,0.465,0.1,
0.062,0.31,0.455,0.173,
0.104,0.384,0.391,0.121,
0.21,0.414,0.253,0.123,
0.246,0.374,0.28,0.1,
0.013,0.179,0.694,0.113,
0.047,0.286,0.476,0.192,
0.06,0.406,0.434,0.101,
0.199,0.459,0.242,0.1,
0.024,0.078,0.709,0.189,
0.021,0.049,0.623,0.307,
0.2,0.341,0.355,0.104,
0.062,0.421,0.417,0.1,
0.328,0.358,0.214,0.1,
0.027,0.216,0.556,0.201,
0.125,0.413,0.362,0.1,
0.088,0.373,0.438,0.101,
0.314,0.345,0.241,0.1,
0.045,0.277,0.565,0.113,
0.192,0.473,0.235,0.1,
0.042,0.243,0.398,0.317,
0.031,0.336,0.528,0.105,
0.173,0.217,0.338,0.273,
0.011,0.174,0.695,0.12,
0.082,0.451,0.366,0.1,
0.007,0.208,0.664,0.12,
0.016,0.248,0.615,0.121,
0.218,0.373,0.276,0.134,
0.105,0.296,0.448,0.151,
0.032,0.336,0.444,0.188,
0.033,0.258,0.538,0.171,
0.142,0.469,0.29,0.1,
0.109,0.213,0.306,0.372,
0.116,0.356,0.422,0.105,
0.202,0.43,0.251,0.117,
0.067,0.427,0.405,0.101,
0.113,0.249,0.471,0.167,
0.194,0.451,0.254,0.1,
0.005,0.137,0.538,0.32,
0.107,0.372,0.421,0.101,
0.008,0.02,0.635,0.337,
0.092,0.476,0.332,0.1,
0.06,0.401,0.389,0.149,
0.05,0.254,0.541,0.156,
0.141,0.439,0.32,0.1,
0.051,0.415,0.424,0.11,
0.247,0.353,0.3,0.1,
0.079,0.356,0.465,0.1,
0.009,0.118,0.539,0.334,
0.042,0.281,0.539,0.139,
0.042,0.251,0.444,0.264,
0.0,0.066,0.734,0.201,
0.139,0.424,0.337,0.101,
0.015,0.11,0.479,0.396,
0.182,0.481,0.236,0.1,
0.069,0.512,0.319,0.1,
0.125,0.343,0.369,0.163,
0.02,0.236,0.55,0.194,
0.283,0.416,0.202,0.1,
0.044,0.157,0.325,0.474,
0.015,0.178,0.69,0.117,
0.124,0.211,0.46,0.206,
0.033,0.284,0.556,0.127,
0.086,0.387,0.427,0.1,
0.072,0.366,0.46,0.102,
0.05,0.335,0.514,0.101,
0.022,0.373,0.504,0.1,
0.137,0.244,0.423,0.197,
0.201,0.261,0.325,0.212,
0.096,0.346,0.434,0.124,
0.103,0.421,0.339,0.137,
0.085,0.256,0.505,0.154,
0.088,0.386,0.424,0.102,
0.236,0.4,0.236,0.127,
0.078,0.471,0.35,0.102,
0.075,0.341,0.459,0.125,
0.017,0.204,0.47,0.31,
0.093,0.471,0.336,0.1,
0.041,0.168,0.663,0.127,
0.146,0.422,0.332,0.101,
0.134,0.258,0.5,0.108,
0.108,0.305,0.468,0.119,
0.055,0.292,0.524,0.129,
0.085,0.29,0.507,0.117,
0.034,0.421,0.445,0.1,
0.271,0.386,0.243,0.1,
0.179,0.468,0.253,0.1,
0.045,0.222,0.615,0.118,
0.033,0.392,0.467,0.108,
0.007,0.148,0.692,0.153,
0.036,0.224,0.618,0.121,
0.034,0.199,0.632,0.134,
0.024,0.263,0.593,0.121,
0.06,0.23,0.564,0.145,
0.147,0.49,0.263,0.1,
0.009,0.11,0.469,0.412,
0.048,0.062,0.624,0.265,
0.062,0.463,0.375,0.1,
0.141,0.512,0.247,0.1,
0.046,0.277,0.497,0.18,
0.049,0.179,0.545,0.227,
0.119,0.468,0.313,0.1,
0.081,0.499,0.32,0.1,
0.003,0.087,0.749,0.162,
0.094,0.339,0.436,0.132,
0.017,0.085,0.473,0.426,
0.018,0.325,0.557,0.1,
0.04,0.298,0.454,0.207,
0.067,0.25,0.459,0.224,
0.243,0.441,0.2,0.116,
0.145,0.452,0.303,0.1,
0.083,0.467,0.35,0.1,
0.06,0.207,0.416,0.317,
0.063,0.334,0.441,0.161,
0.209,0.278,0.335,0.178,
0.136,0.145,0.548,0.171,
0.034,0.342,0.497,0.127,
0.155,0.476,0.269,0.1,
0.05,0.392,0.379,0.179,
0.046,0.29,0.518,0.146,
0.146,0.511,0.243,0.1,
0.321,0.375,0.204,0.1,
0.07,0.02,0.525,0.385,
0.05,0.405,0.401,0.145,
0.092,0.339,0.465,0.105,
0.011,0.204,0.656,0.129,
0.049,0.407,0.439,0.105,
0.057,0.142,0.558,0.243,
0.09,0.427,0.382,0.101,
0.069,0.453,0.378,0.1,
0.024,0.198,0.512,0.266,
0.121,0.491,0.288,0.1,
0.002,0.086,0.38,0.532,
0.286,0.411,0.203,0.1,
0.078,0.449,0.373,0.1,
0.096,0.187,0.554,0.163,
0.015,0.281,0.522,0.181,
0.023,0.218,0.505,0.253,
0.172,0.386,0.342,0.1,
0.015,0.27,0.553,0.162,
0.013,0.194,0.606,0.187,
0.221,0.406,0.272,0.1,
0.342,0.363,0.195,0.1,
0.074,0.421,0.405,0.1,
0.076,0.403,0.371,0.15,
0.135,0.279,0.44,0.145,
0.007,0.057,0.561,0.375,
0.23,0.414,0.256,0.1,
0.02,0.295,0.506,0.179,
0.128,0.254,0.511,0.107,
0.036,0.436,0.427,0.1,
0.009,0.151,0.551,0.29,
0.014,0.174,0.484,0.329,
0.146,0.395,0.313,0.145,
0.187,0.454,0.259,0.1,
0.109,0.138,0.497,0.256,
0.045,0.218,0.614,0.123,
0.044,0.333,0.471,0.152,
0.041,0.402,0.449,0.107,
0.002,0.008,0.467,0.523,
0.021,0.389,0.451,0.139,
0.055,0.086,0.449,0.41,
0.024,0.13,0.721,0.124,
0.111,0.126,0.494,0.269,
0.064,0.42,0.415,0.1,
0.115,0.365,0.39,0.129,
0.029,0.365,0.494,0.112,
0.008,0.159,0.588,0.245,
0.202,0.306,0.372,0.12,
0.066,0.302,0.489,0.143,
0.009,0.283,0.445,0.263,
0.054,0.359,0.487,0.1,
0.128,0.509,0.263,0.1,
0.127,0.398,0.374,0.101,
0.078,0.367,0.395,0.159,
0.221,0.464,0.215,0.1,
0.152,0.404,0.328,0.116,
0.331,0.382,0.159,0.129,
0.018,0.211,0.637,0.134,
0.101,0.378,0.42,0.101,
0.084,0.401,0.416,0.1,
0.027,0.145,0.448,0.38,
0.063,0.103,0.653,0.181,
0.029,0.401,0.47,0.1,
0.111,0.169,0.535,0.185,
0.047,0.192,0.638,0.123,
0.002,0.126,0.72,0.152,
0.039,0.311,0.471,0.179,
0.026,0.245,0.566,0.163,
0.024,0.363,0.496,0.117,
0.116,0.46,0.324,0.1,
0.087,0.423,0.39,0.1,
0.097,0.434,0.369,0.1,
0.04,0.283,0.531,0.146,
0.077,0.191,0.417,0.316,
0.207,0.397,0.295,0.1,
0.05,0.452,0.399,0.1,
0.031,0.147,0.638,0.185,
0.111,0.295,0.462,0.133,
0.158,0.425,0.316,0.1,
0.162,0.458,0.28,0.1,
0.048,0.353,0.458,0.142,
0.014,0.107,0.535,0.344,
0.121,0.439,0.34,0.1,
0.092,0.392,0.414,0.101,
0.013,0.27,0.582,0.136,
0.027,0.45,0.423,0.1,
0.052,0.378,0.465,0.105,
0.032,0.128,0.696,0.144,
0.051,0.124,0.661,0.164,
0.111,0.449,0.34,0.1,
0.121,0.447,0.322,0.111,
0.177,0.415,0.28,0.127,
0.194,0.121,0.479,0.207,
0.009,0.278,0.539,0.175,
0.017,0.26,0.559,0.163,
0.012,0.232,0.632,0.123,
0.062,0.317,0.455,0.166,
0.053,0.35,0.496,0.101,
0.05,0.282,0.484,0.183,
0.129,0.355,0.396,0.12,
0.038,0.321,0.541,0.1,
0.058,0.444,0.398,0.1,
0.078,0.5,0.322,0.1,
0.007,0.114,0.573,0.306,
0.067,0.508,0.311,0.113,
0.096,0.478,0.326,0.1,
0.047,0.183,0.455,0.315,
0.09,0.478,0.331,0.1,
0.07,0.421,0.41,0.1,
0.081,0.155,0.479,0.285,
0.012,0.215,0.528,0.244,
0.041,0.147,0.649,0.163,
0.144,0.405,0.351,0.101,
0.202,0.434,0.243,0.121,
0.0,0.126,0.695,0.179,
0.082,0.439,0.355,0.125,
0.028,0.314,0.533,0.125,
0.069,0.236,0.372,0.322,
0.091,0.509,0.3,0.1,
0.038,0.256,0.336,0.37,
0.002,0.104,0.727,0.167,
0.021,0.287,0.563,0.129,
0.128,0.486,0.286,0.1,
0.066,0.339,0.493,0.103,
0.039,0.249,0.588,0.125,
0.154,0.419,0.327,0.1,
0.133,0.47,0.297,0.1,
0.061,0.455,0.383,0.1,
0.046,0.278,0.572,0.104,
0.108,0.283,0.404,0.205,
0.055,0.224,0.604,0.117,
0.129,0.36,0.142,0.369,
0.053,0.197,0.641,0.108,
0.063,0.256,0.353,0.328,
0.098,0.164,0.482,0.256,
0.204,0.404,0.293,0.1,
0.01,0.118,0.712,0.16,
0.074,0.358,0.444,0.125,
0.02,0.169,0.475,0.337,
0.133,0.304,0.419,0.145,
0.011,0.136,0.593,0.261,
0.013,0.184,0.592,0.211,
0.218,0.171,0.404,0.207,
0.15,0.418,0.333,0.1,
0.182,0.404,0.314,0.1,
0.053,0.28,0.526,0.141,
0.094,0.277,0.483,0.146,
0.036,0.4,0.46,0.104,
0.188,0.331,0.311,0.17,
0.134,0.278,0.442,0.146,
0.055,0.162,0.622,0.161,
0.039,0.363,0.491,0.107,
0.054,0.38,0.463,0.103,
0.094,0.449,0.357,0.1,
0.076,0.22,0.56,0.144,
0.09,0.22,0.573,0.117,
0.041,0.296,0.493,0.171,
0.076,0.291,0.51,0.123,
0.02,0.319,0.491,0.171,
0.022,0.111,0.329,0.538,
0.098,0.506,0.296,0.1,
0.005,0.104,0.589,0.301,
0.061,0.32,0.503,0.116,
0.058,0.389,0.374,0.179,
0.031,0.393,0.423,0.153,
0.157,0.444,0.299,0.1,
0.075,0.387,0.438,0.1,
0.031,0.24,0.61,0.119,
0.034,0.371,0.495,0.1,
0.071,0.188,0.318,0.423,
0.108,0.447,0.345,0.1,
0.08,0.249,0.567,0.104,
0.028,0.15,0.362,0.46,
0.062,0.268,0.561,0.109,
0.036,0.367,0.486,0.111,
0.097,0.47,0.284,0.149,
0.005,0.119,0.363,0.513,
0.029,0.307,0.539,0.124,
0.177,0.44,0.283,0.1,
0.031,0.45,0.419,0.1,
0.194,0.414,0.292,0.1,
0.024,0.305,0.463,0.208,
0.166,0.349,0.385,0.1,
0.058,0.257,0.538,0.147,
0.014,0.253,0.633,0.1,
0.014,0.285,0.597,0.104,
0.047,0.491,0.362,0.1,
0.01,0.096,0.686,0.208,
0.113,0.2,0.526,0.16,
0.055,0.375,0.413,0.157,
0.044,0.428,0.427,0.1,
0.007,0.107,0.671,0.214,
0.114,0.342,0.41,0.134,
0.071,0.207,0.598,0.124,
0.146,0.354,0.357,0.143,
0.04,0.284,0.243,0.433,
0.143,0.241,0.341,0.276,
0.012,0.119,0.552,0.317,
0.094,0.161,0.615,0.129,
0.03,0.372,0.436,0.162,
0.253,0.388,0.259,0.1,
0.133,0.425,0.317,0.125,
0.049,0.245,0.372,0.334,
0.112,0.388,0.401,0.1,
0.036,0.172,0.661,0.131,
0.058,0.221,0.554,0.167,
0.093,0.338,0.469,0.1,
0.041,0.175,0.612,0.171,
0.268,0.37,0.262,0.1,
0.045,0.265,0.571,0.118,
0.0,0.136,0.69,0.174,
0.215,0.385,0.263,0.138,
0.056,0.27,0.304,0.37,
0.077,0.479,0.344,0.1,
0.137,0.181,0.501,0.181,
0.026,0.106,0.407,0.461,
0.241,0.396,0.263,0.1,
0.098,0.274,0.495,0.133,
0.046,0.185,0.424,0.344,
0.089,0.454,0.357,0.1,
0.035,0.325,0.54,0.1,
0.067,0.368,0.465,0.1,
0.018,0.38,0.424,0.178,
0.004,0.278,0.456,0.261,
0.042,0.238,0.582,0.138,
0.101,0.27,0.495,0.134,
0.147,0.453,0.3,0.1,
0.01,0.262,0.563,0.165,
0.203,0.452,0.245,0.1,
0.04,0.465,0.356,0.139,
0.0,0.098,0.601,0.301,
0.027,0.207,0.642,0.124,
0.025,0.225,0.585,0.166,
0.029,0.233,0.638,0.1,
0.07,0.35,0.452,0.128,
0.062,0.137,0.506,0.296,
0.029,0.39,0.481,0.1,
0.154,0.226,0.426,0.194,
0.235,0.162,0.265,0.338,
0.002,0.355,0.543,0.1,
0.011,0.322,0.52,0.147,
0.029,0.265,0.59,0.117,
0.014,0.21,0.442,0.334,
0.067,0.434,0.399,0.101,
0.083,0.324,0.476,0.117,
0.167,0.509,0.224,0.1,
0.083,0.345,0.47,0.103,
0.06,0.343,0.377,0.22,
0.112,0.46,0.328,0.1,
0.038,0.331,0.524,0.108,
0.088,0.529,0.283,0.1,
0.075,0.292,0.369,0.264,
0.038,0.344,0.472,0.146,
0.053,0.361,0.486,0.1,
0.043,0.307,0.549,0.1,
0.019,0.262,0.532,0.188,
0.048,0.41,0.442,0.1,
0.028,0.323,0.499,0.15,
0.098,0.51,0.29,0.102,
0.167,0.445,0.288,0.1,
0.023,0.275,0.535,0.167,
0.016,0.437,0.447,0.1,
0.213,0.422,0.264,0.1,
0.008,0.06,0.438,0.494,
0.009,0.346,0.545,0.1,
0.005,0.22,0.605,0.169,
0.067,0.336,0.478,0.12,
0.152,0.208,0.432,0.208,
0.067,0.486,0.346,0.1,
0.005,0.114,0.706,0.176,
0.091,0.45,0.352,0.106,
0.042,0.258,0.578,0.122,
0.057,0.371,0.472,0.1,
0.083,0.246,0.472,0.199,
0.026,0.25,0.605,0.119,
0.132,0.46,0.308,0.1,
0.029,0.325,0.546,0.1,
0.007,0.132,0.598,0.264,
0.055,0.251,0.543,0.151,
0.111,0.411,0.377,0.1,
0.01,0.081,0.447,0.463,
0.217,0.425,0.257,0.1,
0.069,0.158,0.536,0.237,
0.212,0.388,0.3,0.1,
0.178,0.214,0.444,0.164,
0.087,0.445,0.368,0.1,
0.201,0.41,0.289,0.1,
0.143,0.47,0.287,0.1,
0.097,0.169,0.548,0.185,
0.01,0.113,0.636,0.241,
0.065,0.374,0.462,0.1,
0.042,0.406,0.453,0.1,
0.109,0.461,0.33,0.1,
0.104,0.248,0.36,0.288,
0.06,0.419,0.36,0.162,
0.05,0.229,0.594,0.126,
0.102,0.135,0.486,0.277,
0.225,0.396,0.279,0.1,
0.047,0.449,0.403,0.1,
0.232,0.437,0.231,0.1,
0.049,0.28,0.571,0.1,
0.192,0.478,0.23,0.1,
0.185,0.227,0.216,0.372,
0.353,0.133,0.299,0.215,
0.059,0.482,0.358,0.1,
0.046,0.217,0.576,0.161,
0.048,0.399,0.453,0.1,
0.039,0.192,0.631,0.137,
0.015,0.157,0.57,0.258,
0.147,0.433,0.319,0.1,
0.045,0.239,0.379,0.336,
0.024,0.334,0.516,0.126,
0.133,0.332,0.435,0.1,
0.095,0.156,0.518,0.231,
0.142,0.428,0.314,0.117,
0.047,0.127,0.39,0.437,
0.078,0.512,0.309,0.1,
0.124,0.37,0.377,0.129,
0.101,0.407,0.392,0.1,
0.197,0.399,0.304,0.1,
0.091,0.461,0.348,0.1,
0.31,0.356,0.204,0.13,
0.001,0.054,0.78,0.166,
0.075,0.281,0.51,0.133,
0.004,0.089,0.705,0.202,
0.0,0.154,0.508,0.338,
0.008,0.15,0.58,0.263,
0.01,0.181,0.658,0.151,
0.051,0.344,0.505,0.1,
0.16,0.486,0.254,0.1,
0.045,0.262,0.544,0.149,
0.078,0.428,0.394,0.1,
0.02,0.156,0.45,0.374,
0.017,0.245,0.607,0.132,
0.068,0.44,0.392,0.1,
0.032,0.297,0.548,0.123,
0.033,0.329,0.538,0.1,
0.01,0.234,0.574,0.182,
0.086,0.347,0.453,0.114,
0.043,0.328,0.529,0.1,
0.018,0.381,0.501,0.1,
0.016,0.24,0.589,0.154,
0.057,0.351,0.45,0.141,
0.087,0.19,0.57,0.153,
0.006,0.123,0.457,0.414,
0.065,0.177,0.583,0.175,
0.006,0.063,0.579,0.351,
0.029,0.127,0.307,0.536,
0.014,0.36,0.526,0.1,
0.11,0.449,0.341,0.1,
0.063,0.421,0.416,0.1,
0.075,0.329,0.469,0.127,
0.03,0.076,0.757,0.137,
0.017,0.414,0.469,0.1,
0.056,0.264,0.27,0.41,
0.006,0.112,0.523,0.359,
0.023,0.24,0.637,0.1,
0.252,0.395,0.254,0.1,
0.132,0.363,0.383,0.122,
0.084,0.369,0.448,0.1,
0.026,0.303,0.571,0.1,
0.003,0.07,0.725,0.203,
0.05,0.206,0.602,0.141,
0.109,0.391,0.401,0.1,
0.058,0.181,0.608,0.153,
0.084,0.48,0.335,0.101,
0.034,0.334,0.532,0.1,
0.051,0.401,0.431,0.117,
0.016,0.309,0.575,0.1,
0.002,0.24,0.632,0.126,
0.021,0.204,0.475,0.299,
0.058,0.234,0.585,0.123,
0.01,0.277,0.556,0.157,
0.034,0.282,0.531,0.153,
0.006,0.223,0.594,0.177,
0.121,0.339,0.399,0.141,
0.29,0.366,0.243,0.1,
0.038,0.479,0.382,0.1,
0.071,0.142,0.604,0.182,
0.092,0.431,0.376,0.1,
0.168,0.348,0.286,0.198,
0.082,0.199,0.541,0.178,
0.065,0.24,0.522,0.173,
0.093,0.342,0.388,0.178,
0.006,0.096,0.694,0.204,
0.027,0.263,0.554,0.156,
0.04,0.452,0.409,0.1,
0.083,0.392,0.402,0.124,
0.004,0.211,0.449,0.336,
0.009,0.21,0.422,0.359,
0.069,0.301,0.488,0.141,
0.069,0.482,0.348,0.1,
0.007,0.278,0.556,0.16,
0.0,0.028,0.529,0.443,
0.196,0.383,0.321,0.1,
0.005,0.199,0.608,0.188,
0.052,0.461,0.387,0.1,
0.194,0.395,0.292,0.119,
0.018,0.269,0.588,0.125,
0.018,0.146,0.484,0.351,
0.056,0.475,0.339,0.13,
0.176,0.257,0.374,0.193,
0.02,0.337,0.543,0.1,
0.142,0.389,0.369,0.1,
0.057,0.439,0.404,0.1,
0.036,0.241,0.488,0.234,
0.047,0.295,0.516,0.143,
0.0,0.002,0.653,0.345,
0.124,0.444,0.321,0.11,
0.153,0.476,0.271,0.1,
0.041,0.511,0.348,0.1,
0.02,0.262,0.518,0.2,
0.046,0.205,0.575,0.174,
0.245,0.41,0.245,0.1,
0.017,0.371,0.512,0.1,
0.022,0.247,0.455,0.277,
0.043,0.216,0.597,0.143,
0.042,0.314,0.509,0.136,
0.04,0.165,0.646,0.149,
0.303,0.311,0.257,0.129,
0.062,0.279,0.487,0.171,
0.083,0.446,0.365,0.107,
0.045,0.188,0.606,0.161,
0.025,0.268,0.576,0.131,
0.161,0.347,0.391,0.101,
0.012,0.269,0.583,0.136,
0.004,0.162,0.618,0.217,
0.05,0.357,0.493,0.1,
0.027,0.379,0.494,0.1,
0.075,0.139,0.646,0.14,
0.063,0.165,0.583,0.19,
0.019,0.149,0.463,0.369,
0.036,0.396,0.443,0.126,
0.009,0.196,0.636,0.158,
0.0,0.0,0.625,0.375,
0.036,0.297,0.34,0.327,
0.018,0.149,0.609,0.223,
0.036,0.384,0.465,0.115,
0.081,0.453,0.353,0.114,
0.073,0.381,0.446,0.1,
0.066,0.261,0.488,0.185,
0.078,0.19,0.579,0.154,
0.032,0.415,0.453,0.1,
0.19,0.385,0.325,0.1,
0.088,0.365,0.435,0.112,
0.206,0.393,0.301,0.1,
0.031,0.439,0.378,0.152,
0.112,0.383,0.385,0.121,
0.027,0.263,0.59,0.121,
0.075,0.473,0.352,0.1,
0.076,0.466,0.358,0.1,
0.155,0.475,0.27,0.1,
0.154,0.403,0.343,0.1,
0.009,0.144,0.655,0.192,
0.296,0.293,0.277,0.134,
0.064,0.445,0.383,0.108,
0.036,0.422,0.443,0.1,
0.11,0.265,0.494,0.131,
0.065,0.225,0.417,0.293,
0.015,0.306,0.52,0.16,
0.026,0.297,0.506,0.171,
0.066,0.423,0.412,0.1,
0.062,0.246,0.513,0.179,
0.155,0.136,0.519,0.19,
0.094,0.462,0.343,0.1,
0.067,0.252,0.409,0.271,
0.036,0.155,0.677,0.133,
0.004,0.138,0.683,0.175,
0.039,0.141,0.577,0.242,
0.059,0.385,0.414,0.142,
0.189,0.372,0.339,0.1,
0.052,0.167,0.6,0.18,
0.019,0.163,0.606,0.212,
0.021,0.186,0.452,0.341,
0.059,0.375,0.466,0.1,
0.155,0.154,0.537,0.154,
0.035,0.491,0.314,0.16,
0.004,0.137,0.527,0.331,
0.098,0.38,0.423,0.1,
0.065,0.17,0.612,0.154,
0.035,0.308,0.543,0.114,
0.12,0.378,0.379,0.123,
0.074,0.158,0.6,0.168,
0.044,0.318,0.538,0.1,
0.063,0.482,0.355,0.1,
0.197,0.145,0.432,0.226,
0.016,0.163,0.468,0.352,
0.046,0.445,0.41,0.1,
0.027,0.118,0.655,0.2,
0.037,0.177,0.624,0.162,
0.045,0.233,0.569,0.153,
0.048,0.306,0.334,0.312,
0.088,0.369,0.42,0.123,
0.102,0.405,0.393,0.1,
0.078,0.374,0.448,0.1,
0.123,0.344,0.431,0.102,
0.018,0.266,0.616,0.1,
0.101,0.161,0.562,0.176,
0.002,0.247,0.587,0.164,
0.101,0.198,0.539,0.162,
0.008,0.206,0.617,0.169,
0.224,0.157,0.398,0.221,
0.0,0.309,0.519,0.173,
0.044,0.303,0.511,0.143,
0.047,0.29,0.521,0.143,
0.307,0.16,0.211,0.321,
0.132,0.5,0.268,0.1,
0.19,0.189,0.321,0.299,
0.011,0.346,0.543,0.1,
0.05,0.186,0.38,0.384,
0.013,0.111,0.493,0.383,
0.029,0.254,0.617,0.1,
0.027,0.262,0.603,0.108,
0.032,0.332,0.536,0.1,
0.015,0.294,0.555,0.136,
0.034,0.25,0.401,0.315,
0.109,0.471,0.32,0.1,
0.033,0.205,0.405,0.358,
0.102,0.131,0.598,0.169,
0.064,0.376,0.421,0.138,
0.012,0.12,0.667,0.201,
0.044,0.502,0.294,0.161,
0.023,0.08,0.613,0.284,
0.074,0.518,0.309,0.1,
0.027,0.399,0.458,0.116,
0.04,0.355,0.505,0.1,
0.143,0.434,0.321,0.102,
0.139,0.44,0.321,0.1,
0.086,0.234,0.383,0.297,
0.045,0.267,0.588,0.1,
0.006,0.206,0.687,0.101,
0.05,0.362,0.482,0.106,
0.058,0.239,0.371,0.332,
0.048,0.417,0.436,0.1,
0.081,0.323,0.459,0.137,
0.157,0.456,0.287,0.1,
0.1,0.155,0.541,0.204,
0.061,0.397,0.441,0.1,
0.014,0.177,0.649,0.16,
0.046,0.315,0.505,0.134,
0.101,0.389,0.41,0.1,
0.019,0.21,0.532,0.239,
0.031,0.177,0.356,0.436,
0.036,0.403,0.42,0.142,
0.011,0.269,0.554,0.166,
0.016,0.292,0.517,0.176,
0.037,0.31,0.498,0.154,
0.083,0.193,0.624,0.1,
0.039,0.247,0.542,0.172,
0.016,0.281,0.358,0.346,
0.056,0.377,0.445,0.122,
0.034,0.191,0.645,0.13,
0.021,0.475,0.404,0.1,
0.049,0.152,0.646,0.153,
0.091,0.418,0.39,0.1,
0.041,0.46,0.398,0.1,
0.258,0.462,0.18,0.1,
0.076,0.439,0.385,0.1,
0.011,0.332,0.486,0.17,
0.02,0.243,0.557,0.18,
0.062,0.47,0.368,0.1,
0.018,0.142,0.7,0.14,
0.086,0.091,0.501,0.322,
0.04,0.313,0.442,0.204,
0.026,0.289,0.585,0.1,
0.15,0.432,0.318,0.1,
0.045,0.441,0.414,0.1,
0.01,0.104,0.736,0.15,
0.111,0.442,0.348,0.1,
0.01,0.171,0.669,0.15,
0.025,0.237,0.431,0.306,
0.12,0.122,0.317,0.442,
0.088,0.402,0.41,0.1,
0.045,0.326,0.529,0.1,
0.048,0.488,0.363,0.1,
0.078,0.085,0.368,0.468,
0.0,0.175,0.614,0.211,
0.042,0.244,0.561,0.153,
0.046,0.094,0.678,0.182,
0.01,0.232,0.482,0.276,
0.023,0.254,0.303,0.42,
0.025,0.314,0.543,0.118,
0.01,0.295,0.491,0.204,
0.036,0.274,0.517,0.173,
0.023,0.152,0.505,0.32,
0.029,0.118,0.693,0.161,
0.202,0.369,0.268,0.162,
0.044,0.472,0.384,0.1,
0.088,0.345,0.446,0.12,
0.062,0.437,0.401,0.1,
0.224,0.406,0.269,0.1,
0.09,0.512,0.298,0.1,
0.01,0.079,0.642,0.268,
0.003,0.212,0.627,0.158,
0.066,0.382,0.408,0.144,
0.042,0.114,0.44,0.405,
0.188,0.472,0.241,0.1,
0.078,0.161,0.402,0.359,
0.147,0.434,0.319,0.1,
0.048,0.195,0.57,0.187,
0.031,0.247,0.621,0.101,
0.011,0.335,0.534,0.12,
0.125,0.222,0.482,0.171,
0.083,0.134,0.627,0.157,
0.005,0.147,0.42,0.427,
0.004,0.207,0.62,0.169,
0.103,0.494,0.303,0.1,
0.043,0.29,0.38,0.286,
0.057,0.345,0.479,0.118,
0.07,0.321,0.484,0.126,
0.147,0.182,0.515,0.157,
0.017,0.331,0.358,0.294,
0.057,0.157,0.399,0.387,
0.079,0.376,0.438,0.107,

0.047,0.214,0.456,0.282,
0.032,0.12,0.587,0.261,
0.044,0.247,0.473,0.235,
0.193,0.316,0.378,0.114,
0.236,0.31,0.258,0.196,
0.08,0.385,0.37,0.165,
0.204,0.308,0.347,0.142,
0.038,0.143,0.521,0.299,
0.014,0.15,0.605,0.232,
0.392,0.254,0.254,0.1,
0.336,0.368,0.163,0.133,
0.067,0.261,0.465,0.207,
0.504,0.25,0.124,0.121,
0.067,0.237,0.493,0.203,
0.324,0.331,0.218,0.127,
0.084,0.332,0.396,0.188,
0.059,0.248,0.488,0.205,
0.124,0.347,0.341,0.188,
0.481,0.248,0.137,0.134,
0.29,0.455,0.155,0.1,
0.076,0.366,0.417,0.141,
0.254,0.329,0.317,0.1,
0.075,0.211,0.47,0.244,
0.066,0.328,0.49,0.117,
0.314,0.381,0.184,0.121,
0.144,0.35,0.367,0.139,
0.03,0.161,0.531,0.278,
0.302,0.376,0.222,0.1,
0.071,0.327,0.401,0.201,
0.366,0.404,0.13,0.1,
0.396,0.351,0.153,0.1,
0.3,0.376,0.202,0.122,
0.082,0.186,0.545,0.188,
0.134,0.154,0.548,0.164,
0.287,0.34,0.269,0.104,
0.382,0.304,0.189,0.125,
0.263,0.363,0.274,0.1,
0.293,0.316,0.291,0.101,
0.261,0.321,0.318,0.1,
0.11,0.256,0.496,0.138,
0.224,0.367,0.289,0.119,
0.372,0.354,0.15,0.124,
0.068,0.288,0.453,0.191,
0.215,0.362,0.294,0.129,
0.1,0.342,0.416,0.142,
0.25,0.389,0.26,0.1,
0.233,0.358,0.309,0.1,
0.118,0.291,0.417,0.175,
0.28,0.366,0.254,0.1,
0.173,0.231,0.452,0.144,
0.359,0.388,0.132,0.121,
0.156,0.441,0.302,0.102,
0.262,0.337,0.283,0.118,
0.135,0.398,0.292,0.175,
0.126,0.269,0.391,0.214,
0.029,0.212,0.614,0.144,
0.156,0.421,0.32,0.103,
0.06,0.233,0.545,0.163,
0.245,0.379,0.266,0.11,
0.239,0.5,0.161,0.1,
0.207,0.341,0.325,0.126,
0.272,0.343,0.242,0.142,
0.22,0.389,0.291,0.1,
0.059,0.146,0.474,0.321,
0.021,0.117,0.449,0.413,
0.541,0.253,0.078,0.128,
0.139,0.323,0.384,0.154,
0.209,0.477,0.213,0.101,
0.275,0.419,0.207,0.1,
0.301,0.411,0.179,0.11,
0.179,0.461,0.257,0.103,
0.172,0.442,0.27,0.116,
0.262,0.398,0.24,0.1,
0.081,0.35,0.41,0.159,
0.23,0.425,0.211,0.134,
0.611,0.229,0.06,0.1,
0.005,0.07,0.416,0.51,
0.389,0.303,0.169,0.139,
0.147,0.176,0.431,0.247,
0.188,0.39,0.306,0.116,
0.169,0.216,0.472,0.142,
0.406,0.366,0.111,0.117,
0.229,0.41,0.245,0.117,
0.223,0.228,0.421,0.128,
0.067,0.366,0.463,0.103,
0.151,0.377,0.371,0.101,
0.528,0.275,0.073,0.125,
0.207,0.408,0.284,0.101,
0.068,0.151,0.422,0.359,
0.106,0.406,0.327,0.16,
0.42,0.336,0.144,0.1,
0.265,0.377,0.258,0.1,
0.019,0.238,0.593,0.15,
0.51,0.288,0.064,0.137,
0.086,0.281,0.486,0.147,
0.157,0.243,0.395,0.205,
0.101,0.413,0.321,0.164,
0.136,0.211,0.466,0.187,
0.495,0.303,0.102,0.1,
0.263,0.34,0.283,0.114,
0.232,0.381,0.228,0.159,
0.155,0.361,0.364,0.12,
0.398,0.366,0.136,0.1,
0.219,0.443,0.237,0.101,
0.12,0.454,0.326,0.1,
0.244,0.467,0.189,0.1,
0.451,0.377,0.072,0.1,
0.255,0.376,0.238,0.13,
0.112,0.34,0.442,0.106,
0.07,0.426,0.404,0.1,
0.292,0.462,0.146,0.1,
0.507,0.291,0.077,0.125,
0.087,0.206,0.202,0.505,
0.103,0.256,0.202,0.439,
0.336,0.404,0.143,0.117,
0.115,0.068,0.539,0.277,
0.573,0.261,0.066,0.1,
0.346,0.368,0.186,0.1,
0.017,0.167,0.516,0.301,
0.299,0.393,0.193,0.115,
0.202,0.397,0.283,0.118,
0.146,0.314,0.379,0.161,
0.174,0.435,0.241,0.15,
0.127,0.387,0.385,0.101,
0.534,0.279,0.062,0.125,
0.228,0.326,0.298,0.147,
0.495,0.317,0.088,0.1,
0.067,0.196,0.506,0.23,
0.298,0.431,0.171,0.1,
0.168,0.314,0.413,0.104,
0.019,0.244,0.575,0.162,
0.211,0.437,0.252,0.1,
0.571,0.245,0.058,0.126,
0.287,0.459,0.154,0.1,
0.17,0.435,0.295,0.1,
0.174,0.375,0.291,0.16,
0.143,0.407,0.348,0.101,
0.25,0.416,0.206,0.128,
0.068,0.194,0.496,0.243,
0.16,0.47,0.27,0.1,
0.021,0.092,0.587,0.3,
0.061,0.31,0.505,0.124,
0.1,0.499,0.301,0.1,
0.493,0.308,0.099,0.1,
0.087,0.364,0.397,0.151,
0.049,0.298,0.451,0.202,
0.413,0.371,0.115,0.1,
0.229,0.333,0.268,0.17,
0.42,0.368,0.112,0.1,
0.177,0.505,0.218,0.1,
0.444,0.352,0.105,0.1,
0.42,0.376,0.08,0.124,
0.431,0.364,0.104,0.1,
0.052,0.266,0.489,0.193,
0.2,0.292,0.33,0.179,
0.457,0.33,0.113,0.1,
0.091,0.157,0.638,0.114,
0.034,0.152,0.462,0.352,
0.08,0.224,0.276,0.42,
0.225,0.266,0.322,0.187,
0.208,0.475,0.217,0.1,
0.237,0.537,0.126,0.1,
0.049,0.345,0.475,0.131,
0.025,0.165,0.562,0.248,
0.242,0.272,0.357,0.129,
0.155,0.512,0.233,0.1,
0.052,0.399,0.426,0.123,
0.01,0.137,0.565,0.289,
0.367,0.399,0.134,0.1,
0.059,0.238,0.552,0.151,
0.18,0.533,0.187,0.1,
0.172,0.418,0.274,0.135,
0.425,0.375,0.1,0.1,
0.078,0.274,0.478,0.171,
0.149,0.543,0.208,0.1,
0.168,0.464,0.245,0.123,
0.469,0.286,0.144,0.1,
0.204,0.451,0.217,0.128,
0.345,0.366,0.189,0.1,
0.169,0.568,0.163,0.1,
0.107,0.525,0.267,0.1,
0.212,0.483,0.199,0.107,
0.328,0.426,0.146,0.1,
0.369,0.439,0.093,0.1,
0.159,0.359,0.346,0.135,
0.385,0.355,0.159,0.1,
0.088,0.425,0.388,0.1,
0.279,0.345,0.261,0.114,
0.325,0.289,0.204,0.182,
0.165,0.452,0.283,0.1,
0.403,0.4,0.097,0.1,
0.165,0.505,0.205,0.126,
0.086,0.28,0.513,0.121,
0.116,0.482,0.273,0.129,
0.156,0.317,0.336,0.191,
0.407,0.337,0.155,0.1,
0.058,0.164,0.628,0.15,
0.375,0.341,0.184,0.1,
0.068,0.188,0.495,0.25,
0.201,0.334,0.311,0.155,
0.54,0.289,0.071,0.1,
0.126,0.352,0.397,0.125,
0.273,0.433,0.179,0.116,
0.099,0.45,0.345,0.106,
0.131,0.387,0.301,0.181,
0.301,0.378,0.221,0.1,
0.175,0.509,0.217,0.1,
0.107,0.45,0.343,0.1,
0.367,0.416,0.118,0.1,
0.387,0.374,0.139,0.1,
0.24,0.381,0.252,0.127,
0.486,0.32,0.094,0.1,
0.173,0.487,0.24,0.1,
0.22,0.576,0.104,0.1,
0.23,0.439,0.231,0.1,
0.188,0.469,0.243,0.1,
0.169,0.34,0.379,0.112,
0.173,0.49,0.237,0.1,
0.051,0.22,0.613,0.117,
0.077,0.253,0.565,0.105,
0.355,0.422,0.123,0.1,
0.118,0.494,0.287,0.1,
0.072,0.498,0.331,0.1,
0.116,0.39,0.375,0.119,
0.287,0.32,0.234,0.158,
0.128,0.506,0.266,0.1,
0.362,0.403,0.135,0.1,
0.136,0.069,0.543,0.252,
0.088,0.244,0.459,0.209,
0.516,0.239,0.145,0.1,
0.552,0.223,0.125,0.1,
0.409,0.344,0.146,0.1,
0.221,0.233,0.267,0.279,
0.168,0.41,0.305,0.117,
0.141,0.278,0.373,0.208,
0.125,0.324,0.389,0.162,
0.342,0.379,0.179,0.1,
0.108,0.268,0.405,0.219,
0.082,0.458,0.361,0.1,
0.161,0.368,0.334,0.137,
0.129,0.353,0.414,0.104,
0.324,0.341,0.195,0.141,
0.101,0.373,0.35,0.177,
0.214,0.158,0.333,0.295,
0.116,0.452,0.332,0.1,
0.409,0.418,0.073,0.1,
0.068,0.314,0.451,0.168,
0.521,0.278,0.101,0.1,
0.12,0.372,0.398,0.11,
0.17,0.488,0.242,0.1,
0.349,0.382,0.168,0.1,
0.049,0.288,0.544,0.119,
0.228,0.237,0.385,0.15,
0.229,0.311,0.332,0.128,
0.025,0.159,0.318,0.498,
0.227,0.345,0.265,0.163,
0.024,0.136,0.375,0.464,
0.297,0.456,0.147,0.1,
0.171,0.322,0.337,0.17,
0.056,0.305,0.461,0.179,
0.185,0.421,0.254,0.14,
0.184,0.422,0.283,0.111,
0.368,0.379,0.153,0.1,
0.338,0.41,0.152,0.1,
0.37,0.388,0.142,0.1,
0.096,0.501,0.303,0.1,
0.149,0.303,0.383,0.165,
0.163,0.519,0.195,0.123,
0.302,0.426,0.147,0.125,
0.385,0.367,0.148,0.1,
0.028,0.279,0.581,0.111,
0.12,0.292,0.386,0.203,
0.176,0.448,0.276,0.1,
0.346,0.451,0.103,0.1,
0.043,0.163,0.573,0.221,
0.019,0.066,0.589,0.326,
0.305,0.359,0.237,0.1,
0.133,0.451,0.316,0.1,
0.485,0.309,0.106,0.1,
0.095,0.243,0.454,0.208,
0.217,0.458,0.225,0.1,
0.163,0.405,0.331,0.101,
0.439,0.317,0.144,0.1,
0.113,0.303,0.468,0.116,
0.346,0.446,0.108,0.1,
0.125,0.299,0.268,0.308,
0.127,0.399,0.367,0.107,
0.263,0.183,0.294,0.259,
0.066,0.211,0.602,0.122,
0.162,0.458,0.28,0.1,
0.026,0.248,0.602,0.124,
0.059,0.3,0.523,0.118,
0.281,0.425,0.157,0.136,
0.173,0.372,0.305,0.15,
0.071,0.418,0.326,0.185,
0.085,0.302,0.411,0.201,
0.255,0.458,0.187,0.1,
0.23,0.186,0.235,0.349,
0.241,0.296,0.359,0.103,
0.315,0.335,0.233,0.117,
0.15,0.463,0.283,0.104,
0.172,0.254,0.408,0.167,
0.317,0.442,0.141,0.1,
0.02,0.151,0.518,0.31,
0.163,0.371,0.365,0.101,
0.024,0.12,0.505,0.351,
0.176,0.496,0.228,0.1,
0.136,0.433,0.282,0.149,
0.087,0.315,0.435,0.162,
0.253,0.469,0.178,0.1,
0.101,0.453,0.339,0.107,
0.389,0.35,0.161,0.1,
0.122,0.421,0.356,0.1,
0.05,0.243,0.328,0.379,
0.092,0.364,0.389,0.155,
0.075,0.279,0.383,0.264,
0.022,0.116,0.65,0.213,
0.271,0.417,0.211,0.1,
0.009,0.162,0.442,0.386,
0.311,0.482,0.106,0.1,
0.175,0.448,0.277,0.1,
0.247,0.294,0.328,0.131,
0.091,0.264,0.454,0.191,
0.464,0.356,0.079,0.1,
0.078,0.155,0.316,0.451,
0.044,0.285,0.547,0.124,
0.192,0.184,0.418,0.206,
0.072,0.31,0.49,0.128,
0.117,0.53,0.253,0.1,
0.132,0.48,0.287,0.101,
0.115,0.366,0.412,0.107,
0.058,0.426,0.416,0.1,
0.226,0.226,0.354,0.193,
0.244,0.211,0.334,0.212,
0.229,0.283,0.363,0.125,
0.202,0.422,0.238,0.137,
0.146,0.298,0.39,0.165,
0.175,0.367,0.334,0.125,
0.346,0.358,0.169,0.127,
0.146,0.495,0.259,0.1,
0.227,0.291,0.35,0.132,
0.071,0.204,0.396,0.33,
0.169,0.476,0.255,0.1,
0.061,0.2,0.615,0.124,
0.279,0.395,0.226,0.1,
0.195,0.264,0.419,0.122,
0.23,0.258,0.382,0.13,
0.156,0.349,0.364,0.131,
0.135,0.314,0.435,0.116,
0.093,0.349,0.458,0.1,
0.311,0.425,0.164,0.1,
0.309,0.457,0.134,0.1,
0.091,0.287,0.507,0.116,
0.121,0.398,0.38,0.101,
0.024,0.188,0.617,0.171,
0.058,0.306,0.513,0.122,
0.071,0.211,0.572,0.146,
0.058,0.268,0.551,0.123,
0.103,0.238,0.514,0.145,
0.327,0.452,0.121,0.1,
0.05,0.155,0.339,0.455,
0.051,0.062,0.612,0.275,
0.12,0.517,0.263,0.1,
0.28,0.499,0.121,0.1,
0.081,0.287,0.465,0.168,
0.068,0.2,0.505,0.227,
0.215,0.478,0.207,0.1,
0.19,0.497,0.213,0.1,
0.014,0.178,0.652,0.156,
0.154,0.461,0.257,0.127,
0.035,0.181,0.34,0.444,
0.041,0.375,0.484,0.1,
0.083,0.31,0.398,0.208,
0.154,0.219,0.409,0.219,
0.388,0.419,0.077,0.116,
0.179,0.545,0.175,0.1,
0.122,0.529,0.25,0.1,
0.137,0.202,0.355,0.307,
0.076,0.379,0.384,0.161,
0.27,0.293,0.258,0.178,
0.188,0.173,0.446,0.193,
0.091,0.46,0.32,0.128,
0.344,0.473,0.084,0.1,
0.079,0.432,0.308,0.181,
0.093,0.344,0.412,0.15,
0.297,0.492,0.112,0.1,
0.508,0.287,0.105,0.1,
0.088,0.059,0.459,0.395,
0.166,0.418,0.272,0.145,
0.158,0.357,0.378,0.107,
0.062,0.211,0.605,0.123,
0.118,0.339,0.439,0.105,
0.057,0.175,0.494,0.274,
0.215,0.382,0.302,0.101,
0.144,0.494,0.263,0.1,
0.094,0.203,0.401,0.303,
0.248,0.526,0.127,0.1,
0.007,0.103,0.33,0.56,
0.506,0.288,0.106,0.1,
0.142,0.544,0.215,0.1,
0.141,0.188,0.539,0.132,
0.08,0.275,0.456,0.19,
0.068,0.24,0.43,0.262,
0.309,0.378,0.213,0.1,
0.106,0.288,0.441,0.165,
0.056,0.275,0.441,0.227,
0.369,0.399,0.132,0.1,
0.437,0.337,0.126,0.1,
0.094,0.499,0.307,0.1,
0.128,0.428,0.287,0.157,
0.174,0.302,0.378,0.147,
0.016,0.117,0.507,0.36,
0.391,0.38,0.129,0.1,
0.067,0.357,0.395,0.18,
0.262,0.172,0.451,0.115,
0.165,0.45,0.285,0.1,
0.048,0.231,0.429,0.293,
0.113,0.161,0.363,0.363,
0.223,0.393,0.239,0.145,
0.289,0.461,0.149,0.1,
0.177,0.121,0.436,0.266,
0.063,0.287,0.534,0.116,
0.067,0.428,0.351,0.154,
0.1,0.438,0.353,0.11,
0.006,0.069,0.406,0.519,
0.089,0.399,0.371,0.141,
0.1,0.216,0.166,0.518,
0.077,0.176,0.62,0.126,
0.172,0.146,0.408,0.274,
0.134,0.55,0.215,0.1,
0.198,0.312,0.369,0.121,
0.105,0.361,0.423,0.11,
0.038,0.172,0.518,0.273,
0.29,0.313,0.297,0.1,
0.136,0.307,0.418,0.14,
0.044,0.304,0.377,0.275,
0.103,0.467,0.33,0.1,
0.267,0.536,0.097,0.1,
0.224,0.435,0.241,0.1,
0.147,0.33,0.372,0.151,
0.429,0.398,0.072,0.1,
0.194,0.516,0.175,0.115,
0.499,0.293,0.079,0.129,
0.086,0.204,0.567,0.143,
0.135,0.504,0.261,0.101,
0.176,0.387,0.337,0.1,
0.087,0.203,0.239,0.471,
0.084,0.083,0.637,0.196,
0.092,0.424,0.384,0.1,
0.146,0.184,0.483,0.187,
0.081,0.222,0.569,0.128,
0.05,0.248,0.552,0.149,
0.108,0.325,0.386,0.181,
0.07,0.28,0.488,0.162,
0.092,0.391,0.399,0.118,
0.226,0.486,0.188,0.1,
0.169,0.432,0.299,0.1,
0.174,0.437,0.288,0.101,
0.072,0.327,0.434,0.167,
0.169,0.259,0.145,0.427,
0.343,0.398,0.159,0.1,
0.107,0.558,0.235,0.1,
0.065,0.228,0.462,0.245,
0.147,0.338,0.402,0.113,
0.197,0.47,0.233,0.1,
0.287,0.48,0.133,0.1,
0.11,0.387,0.358,0.145,
0.047,0.135,0.469,0.349,
0.162,0.473,0.266,0.1,
0.152,0.449,0.299,0.1,
0.098,0.199,0.561,0.141,
0.119,0.438,0.343,0.1,
0.108,0.467,0.324,0.102,
0.053,0.131,0.681,0.134,
0.099,0.122,0.639,0.14,
0.212,0.556,0.132,0.1,
0.313,0.384,0.196,0.108,
0.34,0.405,0.127,0.127,
0.184,0.16,0.448,0.207,
0.068,0.297,0.459,0.176,
0.098,0.305,0.427,0.17,
0.072,0.288,0.517,0.123,
0.113,0.347,0.357,0.184,
0.105,0.385,0.406,0.104,
0.144,0.232,0.445,0.18,
0.18,0.356,0.344,0.12,
0.082,0.383,0.435,0.1,
0.186,0.417,0.297,0.1,
0.147,0.548,0.204,0.1,
0.056,0.1,0.524,0.32,
0.192,0.489,0.206,0.114,
0.242,0.437,0.221,0.1,
0.171,0.241,0.124,0.464,
0.196,0.483,0.222,0.1,
0.111,0.519,0.27,0.1,
0.134,0.13,0.472,0.265,
0.058,0.225,0.44,0.277,
0.049,0.158,0.628,0.165,
0.254,0.423,0.214,0.11,
0.28,0.466,0.133,0.121,
0.004,0.191,0.632,0.173,
0.215,0.371,0.289,0.125,
0.077,0.346,0.446,0.131,
0.159,0.232,0.291,0.319,
0.161,0.578,0.161,0.1,
0.089,0.206,0.276,0.429,
0.058,0.162,0.619,0.162,
0.055,0.357,0.469,0.119,
0.253,0.465,0.182,0.1,
0.143,0.362,0.384,0.112,
0.136,0.237,0.512,0.115,
0.216,0.482,0.202,0.1,
0.216,0.52,0.164,0.1,
0.139,0.446,0.315,0.1,
0.125,0.261,0.509,0.105,
0.176,0.285,0.332,0.207,
0.165,0.136,0.577,0.122,
0.208,0.25,0.184,0.358,
0.095,0.182,0.607,0.115,
0.166,0.266,0.151,0.418,
0.141,0.158,0.454,0.247,
0.361,0.362,0.177,0.1,
0.043,0.285,0.496,0.176,
0.119,0.388,0.369,0.125,
0.129,0.139,0.344,0.388,
0.196,0.338,0.317,0.15,
0.051,0.163,0.519,0.267,
0.069,0.221,0.472,0.239,
0.27,0.167,0.356,0.207,
0.319,0.379,0.202,0.1,
0.318,0.404,0.179,0.1,
0.095,0.33,0.429,0.145,
0.141,0.32,0.377,0.161,
0.189,0.374,0.33,0.107,
0.249,0.315,0.252,0.184,
0.241,0.252,0.366,0.14,
0.092,0.174,0.58,0.154,
0.105,0.384,0.407,0.104,
0.164,0.36,0.375,0.101,
0.19,0.526,0.184,0.1,
0.107,0.245,0.503,0.145,
0.144,0.199,0.529,0.129,
0.108,0.332,0.387,0.173,
0.111,0.338,0.444,0.107,
0.064,0.39,0.38,0.166,
0.087,0.115,0.237,0.561,
0.188,0.525,0.188,0.1,
0.051,0.133,0.521,0.295,
0.095,0.446,0.348,0.111,
0.169,0.359,0.292,0.18,
0.127,0.37,0.35,0.153,
0.256,0.428,0.216,0.1,
0.158,0.395,0.348,0.1,
0.086,0.223,0.574,0.117,
0.074,0.471,0.355,0.1,
0.167,0.137,0.278,0.417,
0.204,0.494,0.201,0.1,
0.118,0.261,0.517,0.104,
0.045,0.213,0.255,0.487,
0.159,0.22,0.506,0.115,
0.111,0.337,0.444,0.109,
0.158,0.51,0.19,0.142,
0.031,0.138,0.34,0.491,
0.073,0.276,0.523,0.128,
0.325,0.411,0.163,0.1,
0.109,0.485,0.306,0.1,
0.297,0.438,0.165,0.1,
0.065,0.287,0.439,0.209,
0.255,0.389,0.257,0.1,
0.133,0.206,0.538,0.122,
0.061,0.211,0.627,0.1,
0.049,0.219,0.632,0.1,
0.14,0.493,0.267,0.1,
0.057,0.203,0.469,0.271,
0.174,0.181,0.484,0.16,
0.146,0.331,0.366,0.157,
0.127,0.44,0.333,0.1,
0.018,0.118,0.649,0.215,
0.197,0.379,0.291,0.134,
0.17,0.154,0.54,0.136,
0.206,0.399,0.241,0.154,
0.095,0.315,0.163,0.428,
0.262,0.203,0.26,0.274,
0.041,0.216,0.346,0.397,
0.133,0.213,0.524,0.129,
0.098,0.406,0.344,0.152,
0.371,0.393,0.136,0.1,
0.229,0.399,0.254,0.118,
0.113,0.234,0.328,0.324,
0.188,0.388,0.325,0.1,
0.038,0.186,0.645,0.131,
0.071,0.279,0.471,0.18,
0.124,0.392,0.385,0.1,
0.061,0.163,0.588,0.189,
0.334,0.377,0.189,0.1,
0.073,0.29,0.508,0.129,
0.017,0.165,0.641,0.176,
0.272,0.408,0.183,0.138,
0.124,0.299,0.206,0.371,
0.166,0.473,0.261,0.1,
0.181,0.184,0.453,0.181,
0.042,0.108,0.369,0.481,
0.424,0.32,0.156,0.1,
0.171,0.275,0.424,0.129,
0.092,0.168,0.396,0.344,
0.174,0.549,0.177,0.1,
0.058,0.448,0.394,0.1,
0.083,0.44,0.378,0.1,
0.102,0.395,0.326,0.178,
0.049,0.271,0.416,0.264,
0.057,0.263,0.545,0.135,
0.235,0.261,0.328,0.176,
0.28,0.466,0.154,0.1,
0.064,0.321,0.451,0.164,
0.41,0.424,0.066,0.1,
0.12,0.487,0.247,0.145,
0.014,0.183,0.492,0.31,
0.066,0.203,0.616,0.116,
0.075,0.27,0.483,0.171,
0.074,0.315,0.511,0.1,
0.094,0.355,0.423,0.128,
0.153,0.115,0.439,0.292,
0.102,0.363,0.435,0.1,
0.213,0.239,0.355,0.194,
0.315,0.159,0.128,0.397,
0.071,0.325,0.504,0.1,
0.089,0.377,0.382,0.152,
0.127,0.206,0.556,0.111,
0.145,0.259,0.17,0.426,
0.16,0.472,0.267,0.101,
0.123,0.337,0.434,0.106,
0.345,0.465,0.091,0.1,
0.158,0.387,0.352,0.103,
0.087,0.375,0.318,0.22,
0.2,0.434,0.265,0.101,
0.106,0.392,0.385,0.117,
0.171,0.601,0.128,0.1,
0.141,0.32,0.312,0.227,
0.097,0.407,0.347,0.148,
0.111,0.383,0.406,0.1,
0.068,0.424,0.408,0.1,
0.035,0.323,0.434,0.209,
0.079,0.445,0.376,0.1,
0.103,0.343,0.399,0.156,
0.198,0.493,0.208,0.101,
0.248,0.473,0.179,0.1,
0.088,0.217,0.538,0.157,
0.118,0.462,0.319,0.1,
0.386,0.404,0.11,0.1,
0.016,0.059,0.434,0.491,
0.035,0.433,0.432,0.1,
0.046,0.223,0.572,0.159,
0.104,0.288,0.488,0.12,
0.23,0.175,0.411,0.184,
0.266,0.421,0.213,0.1,
0.019,0.197,0.601,0.183,
0.159,0.465,0.274,0.102,
0.091,0.284,0.508,0.117,
0.092,0.405,0.403,0.1,
0.168,0.193,0.438,0.201,
0.079,0.265,0.536,0.119,
0.213,0.49,0.197,0.1,
0.101,0.22,0.579,0.1,
0.061,0.213,0.404,0.322,
0.105,0.215,0.522,0.158,
0.18,0.464,0.256,0.1,
0.025,0.119,0.384,0.471,
0.306,0.43,0.164,0.1,
